$ 65 0.0000049999999999999996 10.20027730826997 50 5 43 5e-11
f 496 544 560 544 32 3 100
r 1216 208 1216 464 0 3
w 560 464 560 528 0
w 1152 208 928 208 0
v 336 512 336 384 0 0 40 42 0 0 0.5
r 608 272 528 272 0 100000
t 528 272 464 272 0 -1 -0.5694790086057111 -0.6050300156723907 100 default
r 464 288 464 544 0 47000
r 464 544 464 640 0 10000
w 560 640 560 560 0
w 816 464 928 464 0
w 608 272 624 272 0
s 624 528 624 608 0 1 true
w 416 208 464 208 0
x 824 390 843 393 4 18 off
x 639 564 659 567 4 18 on
O 1152 208 1184 240 1 0
O 1152 464 1184 432 1 0
w 736 464 816 464 0
w 464 256 464 208 0
w 560 464 656 464 0
w 1152 208 1216 208 0
w 336 304 336 208 0
b 761 275 857 476 0
x 763 267 806 270 4 18 micro
s 1152 576 1248 576 0 1 false
v 1264 496 1264 560 0 0 40 6 0 0 0.5
w 1264 560 1264 576 0
w 1264 576 1248 576 0
b 1150 504 1294 593 0
x 1192 612 1253 615 4 18 charger
w 624 528 624 512 0
b 1148 193 1292 474 0
w 624 640 560 640 0
w 560 640 464 640 0
w 416 640 336 640 0
w 336 640 336 512 0
w 624 608 624 640 0
w 496 544 464 544 0
w 928 208 464 208 0
w 1216 464 1152 464 0
x 1238 216 1284 219 4 18 motor
O 752 384 736 416 1 1
w 736 576 1152 576 0
x 966 271 1050 274 4 18 DC/DC\s5V
r 816 304 816 368 0 47000
w 624 400 624 512 0
S 752 384 816 384 0 0 false 0 2
r 816 400 816 464 0 47000
t 704 384 656 384 0 1 0.5166723569642877 0.5762390889777937 100 default
w 704 464 656 464 0
w 656 272 624 272 0
w 928 304 816 304 0
w 624 272 624 368 0
w 624 368 624 400 0
c 736 688 736 576 0 1e-9 7.091014899980731 0.001
w 1216 464 1264 464 0
g 928 464 928 512 0 0
r 656 400 656 464 0 4700
w 736 688 496 688 0
r 736 576 736 464 0 10000
w 928 464 1152 464 0
w 1264 496 1264 464 0
w 496 544 496 688 0
c 416 208 416 640 0 0.000009999999999999999 40.64268036445068 0.001
w 416 208 336 208 0
w 416 640 464 640 0
r 336 304 336 384 0 0.1
w 656 272 656 368 0
34 zener-5 1 1.7143528192810002e-7 0 2.0000000000000084 5 1
z 928 464 928 304 2 zener-5
r 928 304 928 208 0 1000
b 898 226 962 475 0
w 704 384 752 384 0
w 736 464 704 464 0
d 656 464 656 528 2 default
w 656 528 624 528 0
o 72 64 0 4099 40 0.0015625 0 2 72 3
38 4 0 34 42 Voltage
